---
accel:
  x: [9.422463717611907E-4, 2.0638563146337384E-4, 4.913748240187607E-4]
  y: [9.116751968479615E-4, 2.7302067251679002E-5, 2.9499363394873353E-4]
  z: [0.0013912476682194494, 7.343824975775744E-5, 5.503096113132181E-4]
gyro:
  x: [4.63375606009699E-5, 4.000598216530221E-6, 3.0446750406757166E-5]
  y: [1.0993691649304087E-4, 3.314060118791673E-6, 5.410242947175233E-5]
  z: [4.389859541238278E-5, 2.4888014339753845E-6, 1.8800129170272758E-5]
